{
 "cells": [
  {
   "cell_type": "code",
   "execution_count": 1,
   "metadata": {},
   "outputs": [],
   "source": [
    "# ==============imports===================\n",
    "from os import listdir\n",
    "from os.path import isfile, join\n",
    "import json\n",
    "from typing import Dict, List, Tuple, Set, Optional, Any\n",
    "\n",
    "import plotly.graph_objects as go\n",
    "from collections import Counter\n",
    "\n",
    "import pycountry\n",
    "\n",
    "import numpy as np\n",
    "from tqdm import tqdm\n",
    "import pickle\n",
    "import os\n",
    "import random\n",
    "from pathlib import Path\n",
    "\n",
    "\n",
    "import matplotlib.pyplot as plt\n",
    "from collections import defaultdict"
   ]
  },
  {
   "cell_type": "code",
   "execution_count": 2,
   "metadata": {},
   "outputs": [],
   "source": [
    "# ==================args=====================\n",
    "# checkpoints = None\n",
    "# checkpoints = ['best', '1000', '10000', '50000', '100000', '150000', '200000', '250000', '300000']\n",
    "checkpoints = ['best', '1000', '10000', '100000', '200000', '300000', '400000', '500000', '600000']\n",
    "random_baseline = False\n",
    "embedding_size = 1536\n",
    "top_k = 50\n",
    "attributes = ['Gender', 'Number', 'POS']\n",
    "colors = {'Gender':'b', 'Number':'g', 'POS':'r'}\n",
    "# attributes = ['Aspect', 'Case', 'Definiteness', 'Finiteness', 'Gender', 'Mood', 'Number',\\\n",
    "#              'Person', 'POS', 'Tense', 'Voice']\n",
    "language = None\n",
    "show_plot = False\n",
    "experiment_name = 'inter-layer-17'\n",
    "# layers = [1, 5, 9, 13, 17, 21, 25]\n",
    "layers = None\n",
    "model = 'bloom-1b1'"
   ]
  },
  {
   "cell_type": "code",
   "execution_count": 3,
   "metadata": {},
   "outputs": [],
   "source": [
    "# =================functions====================\n",
    "def convert_language_code(treebank_name):\n",
    "    \"\"\" Converts treebank names to language codes. \"\"\"\n",
    "    lang_name = treebank_name[3:].split(\"-\")[0].replace(\"_\", \" \")\n",
    "    lang = pycountry.languages.get(name=lang_name)\n",
    "\n",
    "    if lang is not None:\n",
    "        return lang.alpha_3.lower()\n",
    "\n",
    "    return \"unk\"\n",
    "\n",
    "def compute_overlap(data_raw, top_k):\n",
    "    mark_count: Dict[str, int] = {}  # num of languages logging that attribute\n",
    "    results: Dict[str, Counter] = {}\n",
    "    for run_config, dims in data_raw:\n",
    "        if run_config[\"embedding\"] != embedding:\n",
    "            continue\n",
    "\n",
    "        # Increment mark counting\n",
    "        if run_config[\"attribute\"] not in mark_count:\n",
    "            mark_count[run_config[\"attribute\"]] = 0\n",
    "\n",
    "        mark_count[run_config[\"attribute\"]] += 1\n",
    "\n",
    "        # Increment actual counters\n",
    "        if run_config[\"attribute\"] not in results:\n",
    "            results[run_config[\"attribute\"]] = Counter()\n",
    "\n",
    "        results[run_config[\"attribute\"]].update(dims[:top_k])\n",
    "\n",
    "    return results, mark_count\n",
    "\n",
    "\n",
    "def compute_similarity_for_attribute(attribute, data_raw, top_k, language_order: Optional[List[str]] = None):\n",
    "    data_list: List[Tuple[str, Set[int]]] = []\n",
    "    for run_config, dims in data_raw:\n",
    "        if run_config[\"embedding\"] != embedding:\n",
    "            continue\n",
    "\n",
    "        if run_config[\"attribute\"] != attribute:\n",
    "            continue\n",
    "\n",
    "        data_list.append((run_config[\"language\"], set(dims[:top_k])))\n",
    "\n",
    "    if not language_order:\n",
    "        data_list = sorted(data_list, key=lambda x: x[0])\n",
    "        return [x[0] for x in data_list], compute_similarity(data_list)\n",
    "    else:\n",
    "        data_list_dict = {k: v for k, v in data_list}\n",
    "        data_list_sorted = []\n",
    "        for x in language_order:\n",
    "            if x in data_list_dict:\n",
    "                data_list_sorted.append((x, data_list_dict[x]))\n",
    "\n",
    "        data_list = data_list_sorted\n",
    "        return [x[0] for x in data_list], compute_similarity(data_list)\n",
    "\n",
    "\n",
    "def compute_similarity_for_language(language, data_raw, top_k):\n",
    "    data_list: List[Tuple[str, Set[int]]] = []\n",
    "    for run_config, dims in data_raw:\n",
    "        if run_config[\"embedding\"] != embedding:\n",
    "            continue\n",
    "\n",
    "        if run_config[\"language\"] != language:\n",
    "            continue\n",
    "\n",
    "        data_list.append((run_config[\"attribute\"], set(dims[:top_k])))\n",
    "\n",
    "    data_list = sorted(data_list, key=lambda x: x[0])\n",
    "\n",
    "    return [x[0] for x in data_list], compute_similarity(data_list)\n",
    "\n",
    "\n",
    "def compute_jaccard_index(set_a: Set[int], set_b: Set[int]) -> float:\n",
    "    return len(set_a & set_b) / len(set_a | set_b)\n",
    "\n",
    "\n",
    "def compute_overlap_coefficient(set_a: Set[int], set_b: Set[int]) -> float:\n",
    "    return len(set_a & set_b) / min(len(set_a), len(set_b))\n",
    "\n",
    "\n",
    "def compute_similarity(data_list: List[Tuple[str, Set[int]]]):\n",
    "    num_items = len(data_list)\n",
    "    similarity_array = np.zeros((num_items, num_items))\n",
    "    extra_data = {\n",
    "        \"overlap\": np.empty((num_items, num_items), dtype=list),\n",
    "        \"overlap_num\": np.zeros((num_items, num_items)),\n",
    "    }\n",
    "    for idx_a, (group_a, dim_set_a) in enumerate(data_list):\n",
    "        for idx_b, (group_b, dim_set_b) in enumerate(data_list):\n",
    "            similarity_array[idx_a, idx_b] = compute_overlap_coefficient(dim_set_a, dim_set_b)\n",
    "            extra_data[\"overlap\"][idx_a, idx_b] = sorted(list(set(dim_set_a & dim_set_b)))\n",
    "            extra_data[\"overlap_num\"][idx_a, idx_b] = len(dim_set_a & dim_set_b)\n",
    "\n",
    "    return similarity_array, extra_data\n",
    "\n",
    "\n",
    "def compute_pvalues(overlap_num_matrix: np.array, p_val_dict: Dict[int, float]) -> np.array:\n",
    "    return np.vectorize(lambda x: p_val_dict[int(x)])(overlap_num_matrix)\n",
    "\n",
    "\n",
    "def build_statistical_significance_matrix(p_values_matrix, alpha=0.05, method=\"bonferroni\", symmetry=False):\n",
    "    num_rows = p_values_matrix.shape[0]\n",
    "    num_hypotheses = int(num_rows * (num_rows + 1) / 2) - num_rows\n",
    "    num_hypotheses = num_hypotheses if num_hypotheses > 0 else 999\n",
    "    alpha_bonferroni = alpha / num_hypotheses\n",
    "\n",
    "    if method == \"bonferroni\":\n",
    "        mask = np.tril(np.ones_like(p_values_matrix, dtype=bool), k=-1)\n",
    "        significance_matrix = (p_values_matrix < alpha_bonferroni) * mask\n",
    "    elif method == \"holm-bonferroni\":\n",
    "        mask = np.triu(np.ones_like(p_values_matrix)) * 9999.0\n",
    "        p_values_matrix += mask\n",
    "        p_values_matrix_flat = p_values_matrix.reshape(-1)\n",
    "        sorting_indices = p_values_matrix_flat.argsort()\n",
    "        unsorting_indices = sorting_indices.argsort()\n",
    "\n",
    "        sorted_p_values = p_values_matrix_flat[sorting_indices][:num_hypotheses]\n",
    "        alpha_holm = np.arange(1.0, num_hypotheses + 1.0)[::-1] ** -1 * alpha\n",
    "\n",
    "        broke = False\n",
    "        for k, (pval, alph) in enumerate(zip(sorted_p_values.tolist(), alpha_holm.tolist())):\n",
    "            if pval > alph:\n",
    "                broke = True\n",
    "                break\n",
    "\n",
    "        if not broke:\n",
    "            # Needed in case we never accepted the null hypothesis\n",
    "            k += 1\n",
    "\n",
    "        # k will be equal to the first index where we do NOT reject the null hypothesis.\n",
    "        # So we can accept the alternative hypothesis on all indices less than k\n",
    "        # e.g., if k == 0, we always accept the null hypothesis. If k == num_hypothesis\n",
    "        # we always reject the null hypothesis.\n",
    "        rejected_null_sorted = [True if idx < k else False for idx in range(num_hypotheses)]\n",
    "\n",
    "        # Pad remaining list with rejections\n",
    "        rejected_null_sorted.extend([False] * (num_rows ** 2 - num_hypotheses))\n",
    "\n",
    "        # Reverse sort\n",
    "        significance_matrix = np.array(rejected_null_sorted)[unsorting_indices].reshape(num_rows, num_rows)\n",
    "\n",
    "    if symmetry:\n",
    "        # Mirror along diagonal\n",
    "        significance_matrix = significance_matrix | significance_matrix.T\n",
    "\n",
    "    return significance_matrix\n",
    "\n",
    "\n",
    "def build_annotations_list(annotation_matrix):\n",
    "    n = annotation_matrix.shape[0]\n",
    "    annotation_list = []\n",
    "    for x in range(n):\n",
    "        for y in range(n):\n",
    "            if not annotation_matrix[x][y]:\n",
    "                continue\n",
    "\n",
    "            if x == y:\n",
    "                continue\n",
    "\n",
    "            annotation_list.append(\n",
    "                dict(\n",
    "                    x=x / n, y=y / n,\n",
    "                    xref='paper',\n",
    "                    yref='paper',\n",
    "                    text=\"■\",\n",
    "                    showarrow=False,\n",
    "                    xanchor=\"left\",\n",
    "                    yanchor=\"bottom\",\n",
    "                    font=dict(color=\"rgb(236,136,106)\")\n",
    "                )\n",
    "            )\n",
    "\n",
    "    return annotation_list\n"
   ]
  },
  {
   "cell_type": "code",
   "execution_count": 4,
   "metadata": {},
   "outputs": [
    {
     "name": "stdout",
     "output_type": "stream",
     "text": [
      "Loop over checkpoints\n",
      "{0: 1.0, 1: 0.813919, 2: 0.489634, 3: 0.220136, 4: 0.076117, 5: 0.020692, 6: 0.004576, 7: 0.000807, 8: 0.000112, 9: 1.7e-05, 10: 2e-06, 11: 0.0, 12: 0.0, 13: 0.0, 14: 0.0, 15: 0.0, 16: 0.0, 17: 0.0, 18: 0.0, 19: 0.0, 20: 0.0, 21: 0.0, 22: 0.0, 23: 0.0, 24: 0.0, 25: 0.0, 26: 0.0, 27: 0.0, 28: 0.0, 29: 0.0, 30: 0.0, 31: 0.0, 32: 0.0, 33: 0.0, 34: 0.0, 35: 0.0, 36: 0.0, 37: 0.0, 38: 0.0, 39: 0.0, 40: 0.0, 41: 0.0, 42: 0.0, 43: 0.0, 44: 0.0, 45: 0.0, 46: 0.0, 47: 0.0, 48: 0.0, 49: 0.0, 50: 0.0}\n",
      "8\n",
      "[[1.   0.18 0.24 0.12 0.14 0.18 0.2  0.06]\n",
      " [0.18 1.   0.3  0.22 0.12 0.24 0.28 0.06]\n",
      " [0.24 0.3  1.   0.22 0.14 0.32 0.4  0.06]\n",
      " [0.12 0.22 0.22 1.   0.14 0.26 0.24 0.02]\n",
      " [0.14 0.12 0.14 0.14 1.   0.14 0.12 0.04]\n",
      " [0.18 0.24 0.32 0.26 0.14 1.   0.48 0.1 ]\n",
      " [0.2  0.28 0.4  0.24 0.12 0.48 1.   0.02]\n",
      " [0.06 0.06 0.06 0.02 0.04 0.1  0.02 1.  ]]\n",
      "11\n",
      "[[1.   0.2  0.26 0.1  0.26 0.12 0.04 0.2  0.22 0.1  0.14]\n",
      " [0.2  1.   0.3  0.1  0.42 0.22 0.04 0.38 0.4  0.08 0.18]\n",
      " [0.26 0.3  1.   0.12 0.32 0.18 0.02 0.32 0.3  0.14 0.24]\n",
      " [0.1  0.1  0.12 1.   0.08 0.08 0.08 0.14 0.1  0.08 0.06]\n",
      " [0.26 0.42 0.32 0.08 1.   0.22 0.   0.48 0.4  0.1  0.22]\n",
      " [0.12 0.22 0.18 0.08 0.22 1.   0.02 0.2  0.24 0.16 0.14]\n",
      " [0.04 0.04 0.02 0.08 0.   0.02 1.   0.   0.02 0.04 0.04]\n",
      " [0.2  0.38 0.32 0.14 0.48 0.2  0.   1.   0.54 0.16 0.14]\n",
      " [0.22 0.4  0.3  0.1  0.4  0.24 0.02 0.54 1.   0.2  0.14]\n",
      " [0.1  0.08 0.14 0.08 0.1  0.16 0.04 0.16 0.2  1.   0.06]\n",
      " [0.14 0.18 0.24 0.06 0.22 0.14 0.04 0.14 0.14 0.06 1.  ]]\n",
      "13\n",
      "[[1.   0.02 0.06 0.1  0.14 0.08 0.06 0.18 0.08 0.08 0.06 0.12 0.1 ]\n",
      " [0.02 1.   0.14 0.1  0.14 0.08 0.04 0.14 0.12 0.06 0.1  0.08 0.1 ]\n",
      " [0.06 0.14 1.   0.1  0.26 0.1  0.04 0.2  0.22 0.14 0.04 0.1  0.2 ]\n",
      " [0.1  0.1  0.1  1.   0.16 0.14 0.1  0.1  0.1  0.08 0.02 0.12 0.12]\n",
      " [0.14 0.14 0.26 0.16 1.   0.1  0.   0.34 0.2  0.06 0.08 0.12 0.2 ]\n",
      " [0.08 0.08 0.1  0.14 0.1  1.   0.08 0.1  0.1  0.1  0.14 0.1  0.12]\n",
      " [0.06 0.04 0.04 0.1  0.   0.08 1.   0.02 0.02 0.02 0.06 0.02 0.1 ]\n",
      " [0.18 0.14 0.2  0.1  0.34 0.1  0.02 1.   0.26 0.12 0.08 0.12 0.18]\n",
      " [0.08 0.12 0.22 0.1  0.2  0.1  0.02 0.26 1.   0.06 0.14 0.08 0.28]\n",
      " [0.08 0.06 0.14 0.08 0.06 0.1  0.02 0.12 0.06 1.   0.1  0.06 0.02]\n",
      " [0.06 0.1  0.04 0.02 0.08 0.14 0.06 0.08 0.14 0.1  1.   0.08 0.04]\n",
      " [0.12 0.08 0.1  0.12 0.12 0.1  0.02 0.12 0.08 0.06 0.08 1.   0.2 ]\n",
      " [0.1  0.1  0.2  0.12 0.2  0.12 0.1  0.18 0.28 0.02 0.04 0.2  1.  ]]\n",
      "{0: 1.0, 1: 0.813751, 2: 0.490513, 3: 0.220063, 4: 0.076154, 5: 0.020978, 6: 0.00465, 7: 0.000868, 8: 0.000115, 9: 1.4e-05, 10: 2e-06, 11: 1e-06, 12: 0.0, 13: 0.0, 14: 0.0, 15: 0.0, 16: 0.0, 17: 0.0, 18: 0.0, 19: 0.0, 20: 0.0, 21: 0.0, 22: 0.0, 23: 0.0, 24: 0.0, 25: 0.0, 26: 0.0, 27: 0.0, 28: 0.0, 29: 0.0, 30: 0.0, 31: 0.0, 32: 0.0, 33: 0.0, 34: 0.0, 35: 0.0, 36: 0.0, 37: 0.0, 38: 0.0, 39: 0.0, 40: 0.0, 41: 0.0, 42: 0.0, 43: 0.0, 44: 0.0, 45: 0.0, 46: 0.0, 47: 0.0, 48: 0.0, 49: 0.0, 50: 0.0}\n",
      "8\n",
      "[[1.   0.06 0.12 0.04 0.08 0.02 0.04 0.08]\n",
      " [0.06 1.   0.22 0.02 0.   0.08 0.16 0.06]\n",
      " [0.12 0.22 1.   0.06 0.06 0.08 0.22 0.06]\n",
      " [0.04 0.02 0.06 1.   0.04 0.04 0.02 0.02]\n",
      " [0.08 0.   0.06 0.04 1.   0.   0.08 0.04]\n",
      " [0.02 0.08 0.08 0.04 0.   1.   0.18 0.  ]\n",
      " [0.04 0.16 0.22 0.02 0.08 0.18 1.   0.  ]\n",
      " [0.08 0.06 0.06 0.02 0.04 0.   0.   1.  ]]\n",
      "11\n",
      "[[1.   0.02 0.04 0.06 0.06 0.02 0.04 0.02 0.02 0.06 0.02]\n",
      " [0.02 1.   0.18 0.06 0.22 0.06 0.02 0.18 0.2  0.02 0.04]\n",
      " [0.04 0.18 1.   0.04 0.16 0.08 0.06 0.18 0.1  0.12 0.04]\n",
      " [0.06 0.06 0.04 1.   0.02 0.04 0.04 0.02 0.04 0.06 0.02]\n",
      " [0.06 0.22 0.16 0.02 1.   0.06 0.06 0.2  0.12 0.04 0.06]\n",
      " [0.02 0.06 0.08 0.04 0.06 1.   0.06 0.08 0.1  0.04 0.1 ]\n",
      " [0.04 0.02 0.06 0.04 0.06 0.06 1.   0.02 0.04 0.06 0.04]\n",
      " [0.02 0.18 0.18 0.02 0.2  0.08 0.02 1.   0.2  0.02 0.04]\n",
      " [0.02 0.2  0.1  0.04 0.12 0.1  0.04 0.2  1.   0.02 0.14]\n",
      " [0.06 0.02 0.12 0.06 0.04 0.04 0.06 0.02 0.02 1.   0.04]\n",
      " [0.02 0.04 0.04 0.02 0.06 0.1  0.04 0.04 0.14 0.04 1.  ]]\n",
      "13\n",
      "[[1.   0.02 0.   0.02 0.04 0.02 0.06 0.06 0.04 0.02 0.04 0.04 0.04]\n",
      " [0.02 1.   0.02 0.02 0.04 0.02 0.06 0.06 0.   0.02 0.04 0.04 0.06]\n",
      " [0.   0.02 1.   0.02 0.06 0.02 0.   0.1  0.06 0.02 0.02 0.06 0.08]\n",
      " [0.02 0.02 0.02 1.   0.04 0.06 0.   0.04 0.1  0.04 0.02 0.08 0.04]\n",
      " [0.04 0.04 0.06 0.04 1.   0.02 0.04 0.1  0.06 0.04 0.   0.04 0.04]\n",
      " [0.02 0.02 0.02 0.06 0.02 1.   0.02 0.   0.   0.06 0.04 0.06 0.04]\n",
      " [0.06 0.06 0.   0.   0.04 0.02 1.   0.06 0.04 0.08 0.   0.08 0.04]\n",
      " [0.06 0.06 0.1  0.04 0.1  0.   0.06 1.   0.1  0.04 0.02 0.04 0.04]\n",
      " [0.04 0.   0.06 0.1  0.06 0.   0.04 0.1  1.   0.14 0.   0.02 0.04]\n",
      " [0.02 0.02 0.02 0.04 0.04 0.06 0.08 0.04 0.14 1.   0.02 0.06 0.04]\n",
      " [0.04 0.04 0.02 0.02 0.   0.04 0.   0.02 0.   0.02 1.   0.02 0.02]\n",
      " [0.04 0.04 0.06 0.08 0.04 0.06 0.08 0.04 0.02 0.06 0.02 1.   0.02]\n",
      " [0.04 0.06 0.08 0.04 0.04 0.04 0.04 0.04 0.04 0.04 0.02 0.02 1.  ]]\n",
      "{0: 1.0, 1: 0.813794, 2: 0.49091, 3: 0.220672, 4: 0.076032, 5: 0.020927, 6: 0.00465, 7: 0.00086, 8: 0.000148, 9: 2.1e-05, 10: 3e-06, 11: 0.0, 12: 0.0, 13: 0.0, 14: 0.0, 15: 0.0, 16: 0.0, 17: 0.0, 18: 0.0, 19: 0.0, 20: 0.0, 21: 0.0, 22: 0.0, 23: 0.0, 24: 0.0, 25: 0.0, 26: 0.0, 27: 0.0, 28: 0.0, 29: 0.0, 30: 0.0, 31: 0.0, 32: 0.0, 33: 0.0, 34: 0.0, 35: 0.0, 36: 0.0, 37: 0.0, 38: 0.0, 39: 0.0, 40: 0.0, 41: 0.0, 42: 0.0, 43: 0.0, 44: 0.0, 45: 0.0, 46: 0.0, 47: 0.0, 48: 0.0, 49: 0.0, 50: 0.0}\n",
      "8\n",
      "[[1.   0.06 0.1  0.08 0.   0.08 0.1  0.04]\n",
      " [0.06 1.   0.16 0.08 0.06 0.22 0.26 0.02]\n",
      " [0.1  0.16 1.   0.06 0.02 0.16 0.34 0.04]\n",
      " [0.08 0.08 0.06 1.   0.1  0.06 0.02 0.12]\n",
      " [0.   0.06 0.02 0.1  1.   0.1  0.   0.06]\n",
      " [0.08 0.22 0.16 0.06 0.1  1.   0.32 0.04]\n",
      " [0.1  0.26 0.34 0.02 0.   0.32 1.   0.02]\n",
      " [0.04 0.02 0.04 0.12 0.06 0.04 0.02 1.  ]]\n",
      "11\n",
      "[[1.   0.1  0.12 0.04 0.08 0.12 0.04 0.12 0.14 0.08 0.04]\n",
      " [0.1  1.   0.18 0.   0.16 0.08 0.04 0.3  0.18 0.   0.1 ]\n",
      " [0.12 0.18 1.   0.02 0.2  0.06 0.06 0.1  0.08 0.02 0.06]\n",
      " [0.04 0.   0.02 1.   0.02 0.02 0.04 0.02 0.06 0.08 0.02]\n",
      " [0.08 0.16 0.2  0.02 1.   0.08 0.04 0.18 0.12 0.04 0.04]\n",
      " [0.12 0.08 0.06 0.02 0.08 1.   0.04 0.06 0.06 0.   0.12]\n",
      " [0.04 0.04 0.06 0.04 0.04 0.04 1.   0.04 0.02 0.02 0.04]\n",
      " [0.12 0.3  0.1  0.02 0.18 0.06 0.04 1.   0.3  0.04 0.04]\n",
      " [0.14 0.18 0.08 0.06 0.12 0.06 0.02 0.3  1.   0.04 0.02]\n",
      " [0.08 0.   0.02 0.08 0.04 0.   0.02 0.04 0.04 1.   0.04]\n",
      " [0.04 0.1  0.06 0.02 0.04 0.12 0.04 0.04 0.02 0.04 1.  ]]\n",
      "13\n",
      "[[1.   0.1  0.04 0.04 0.08 0.02 0.   0.1  0.08 0.02 0.04 0.04 0.08]\n",
      " [0.1  1.   0.04 0.02 0.04 0.04 0.   0.08 0.12 0.06 0.06 0.06 0.04]\n",
      " [0.04 0.04 1.   0.1  0.12 0.08 0.02 0.08 0.12 0.02 0.   0.08 0.08]\n",
      " [0.04 0.02 0.1  1.   0.04 0.02 0.02 0.06 0.02 0.02 0.04 0.04 0.02]\n",
      " [0.08 0.04 0.12 0.04 1.   0.02 0.02 0.14 0.14 0.02 0.02 0.04 0.02]\n",
      " [0.02 0.04 0.08 0.02 0.02 1.   0.02 0.02 0.06 0.04 0.12 0.06 0.02]\n",
      " [0.   0.   0.02 0.02 0.02 0.02 1.   0.02 0.02 0.04 0.02 0.08 0.02]\n",
      " [0.1  0.08 0.08 0.06 0.14 0.02 0.02 1.   0.06 0.08 0.04 0.04 0.02]\n",
      " [0.08 0.12 0.12 0.02 0.14 0.06 0.02 0.06 1.   0.04 0.02 0.06 0.02]\n",
      " [0.02 0.06 0.02 0.02 0.02 0.04 0.04 0.08 0.04 1.   0.04 0.08 0.04]\n",
      " [0.04 0.06 0.   0.04 0.02 0.12 0.02 0.04 0.02 0.04 1.   0.02 0.04]\n",
      " [0.04 0.06 0.08 0.04 0.04 0.06 0.08 0.04 0.06 0.08 0.02 1.   0.02]\n",
      " [0.08 0.04 0.08 0.02 0.02 0.02 0.02 0.02 0.02 0.04 0.04 0.02 1.  ]]\n",
      "{0: 1.0, 1: 0.813727, 2: 0.490187, 3: 0.220489, 4: 0.076337, 5: 0.020838, 6: 0.0046, 7: 0.000847, 8: 0.00012, 9: 2e-05, 10: 1e-06, 11: 0.0, 12: 0.0, 13: 0.0, 14: 0.0, 15: 0.0, 16: 0.0, 17: 0.0, 18: 0.0, 19: 0.0, 20: 0.0, 21: 0.0, 22: 0.0, 23: 0.0, 24: 0.0, 25: 0.0, 26: 0.0, 27: 0.0, 28: 0.0, 29: 0.0, 30: 0.0, 31: 0.0, 32: 0.0, 33: 0.0, 34: 0.0, 35: 0.0, 36: 0.0, 37: 0.0, 38: 0.0, 39: 0.0, 40: 0.0, 41: 0.0, 42: 0.0, 43: 0.0, 44: 0.0, 45: 0.0, 46: 0.0, 47: 0.0, 48: 0.0, 49: 0.0, 50: 0.0}\n",
      "8\n",
      "[[1.   0.14 0.18 0.14 0.06 0.2  0.2  0.02]\n",
      " [0.14 1.   0.2  0.18 0.06 0.24 0.28 0.04]\n",
      " [0.18 0.2  1.   0.16 0.1  0.2  0.24 0.  ]\n",
      " [0.14 0.18 0.16 1.   0.12 0.22 0.16 0.02]\n",
      " [0.06 0.06 0.1  0.12 1.   0.1  0.06 0.  ]\n",
      " [0.2  0.24 0.2  0.22 0.1  1.   0.32 0.04]\n",
      " [0.2  0.28 0.24 0.16 0.06 0.32 1.   0.02]\n",
      " [0.02 0.04 0.   0.02 0.   0.04 0.02 1.  ]]\n",
      "11\n",
      "[[1.   0.1  0.08 0.04 0.14 0.06 0.04 0.16 0.06 0.06 0.12]\n",
      " [0.1  1.   0.1  0.02 0.24 0.08 0.02 0.3  0.26 0.04 0.08]\n",
      " [0.08 0.1  1.   0.08 0.12 0.1  0.   0.08 0.04 0.1  0.04]\n",
      " [0.04 0.02 0.08 1.   0.06 0.08 0.   0.08 0.04 0.16 0.04]\n",
      " [0.14 0.24 0.12 0.06 1.   0.18 0.   0.22 0.22 0.06 0.06]\n",
      " [0.06 0.08 0.1  0.08 0.18 1.   0.04 0.14 0.06 0.1  0.08]\n",
      " [0.04 0.02 0.   0.   0.   0.04 1.   0.   0.02 0.06 0.06]\n",
      " [0.16 0.3  0.08 0.08 0.22 0.14 0.   1.   0.38 0.02 0.14]\n",
      " [0.06 0.26 0.04 0.04 0.22 0.06 0.02 0.38 1.   0.06 0.02]\n",
      " [0.06 0.04 0.1  0.16 0.06 0.1  0.06 0.02 0.06 1.   0.04]\n",
      " [0.12 0.08 0.04 0.04 0.06 0.08 0.06 0.14 0.02 0.04 1.  ]]\n",
      "13\n",
      "[[1.   0.02 0.06 0.08 0.04 0.06 0.04 0.04 0.08 0.06 0.02 0.06 0.06]\n",
      " [0.02 1.   0.08 0.   0.14 0.08 0.02 0.18 0.12 0.02 0.08 0.04 0.04]\n",
      " [0.06 0.08 1.   0.06 0.08 0.02 0.02 0.12 0.1  0.06 0.02 0.04 0.06]\n",
      " [0.08 0.   0.06 1.   0.04 0.02 0.04 0.04 0.04 0.02 0.08 0.06 0.06]\n",
      " [0.04 0.14 0.08 0.04 1.   0.06 0.02 0.22 0.24 0.04 0.04 0.08 0.1 ]\n",
      " [0.06 0.08 0.02 0.02 0.06 1.   0.04 0.02 0.02 0.1  0.1  0.02 0.06]\n",
      " [0.04 0.02 0.02 0.04 0.02 0.04 1.   0.   0.04 0.1  0.02 0.06 0.06]\n",
      " [0.04 0.18 0.12 0.04 0.22 0.02 0.   1.   0.18 0.06 0.08 0.04 0.08]\n",
      " [0.08 0.12 0.1  0.04 0.24 0.02 0.04 0.18 1.   0.06 0.02 0.16 0.12]\n",
      " [0.06 0.02 0.06 0.02 0.04 0.1  0.1  0.06 0.06 1.   0.08 0.04 0.08]\n",
      " [0.02 0.08 0.02 0.08 0.04 0.1  0.02 0.08 0.02 0.08 1.   0.06 0.06]\n",
      " [0.06 0.04 0.04 0.06 0.08 0.02 0.06 0.04 0.16 0.04 0.06 1.   0.08]\n",
      " [0.06 0.04 0.06 0.06 0.1  0.06 0.06 0.08 0.12 0.08 0.06 0.08 1.  ]]\n",
      "{0: 1.0, 1: 0.814565, 2: 0.490353, 3: 0.220364, 4: 0.076154, 5: 0.021018, 6: 0.004527, 7: 0.000901, 8: 0.000136, 9: 1.8e-05, 10: 2e-06, 11: 1e-06, 12: 0.0, 13: 0.0, 14: 0.0, 15: 0.0, 16: 0.0, 17: 0.0, 18: 0.0, 19: 0.0, 20: 0.0, 21: 0.0, 22: 0.0, 23: 0.0, 24: 0.0, 25: 0.0, 26: 0.0, 27: 0.0, 28: 0.0, 29: 0.0, 30: 0.0, 31: 0.0, 32: 0.0, 33: 0.0, 34: 0.0, 35: 0.0, 36: 0.0, 37: 0.0, 38: 0.0, 39: 0.0, 40: 0.0, 41: 0.0, 42: 0.0, 43: 0.0, 44: 0.0, 45: 0.0, 46: 0.0, 47: 0.0, 48: 0.0, 49: 0.0, 50: 0.0}\n",
      "8\n",
      "[[1.   0.1  0.3  0.14 0.08 0.18 0.12 0.02]\n",
      " [0.1  1.   0.2  0.14 0.16 0.2  0.12 0.06]\n",
      " [0.3  0.2  1.   0.12 0.14 0.28 0.3  0.04]\n",
      " [0.14 0.14 0.12 1.   0.14 0.2  0.14 0.02]\n",
      " [0.08 0.16 0.14 0.14 1.   0.16 0.16 0.06]\n",
      " [0.18 0.2  0.28 0.2  0.16 1.   0.32 0.04]\n",
      " [0.12 0.12 0.3  0.14 0.16 0.32 1.   0.04]\n",
      " [0.02 0.06 0.04 0.02 0.06 0.04 0.04 1.  ]]\n",
      "11\n",
      "[[1.   0.18 0.14 0.08 0.22 0.16 0.04 0.16 0.22 0.08 0.14]\n",
      " [0.18 1.   0.1  0.06 0.24 0.04 0.   0.3  0.42 0.08 0.1 ]\n",
      " [0.14 0.1  1.   0.08 0.18 0.1  0.02 0.08 0.1  0.12 0.16]\n",
      " [0.08 0.06 0.08 1.   0.14 0.1  0.08 0.12 0.08 0.12 0.1 ]\n",
      " [0.22 0.24 0.18 0.14 1.   0.12 0.   0.22 0.18 0.06 0.08]\n",
      " [0.16 0.04 0.1  0.1  0.12 1.   0.02 0.14 0.16 0.08 0.16]\n",
      " [0.04 0.   0.02 0.08 0.   0.02 1.   0.02 0.04 0.04 0.  ]\n",
      " [0.16 0.3  0.08 0.12 0.22 0.14 0.02 1.   0.44 0.08 0.06]\n",
      " [0.22 0.42 0.1  0.08 0.18 0.16 0.04 0.44 1.   0.12 0.08]\n",
      " [0.08 0.08 0.12 0.12 0.06 0.08 0.04 0.08 0.12 1.   0.06]\n",
      " [0.14 0.1  0.16 0.1  0.08 0.16 0.   0.06 0.08 0.06 1.  ]]\n",
      "13\n",
      "[[1.   0.08 0.06 0.1  0.1  0.08 0.   0.12 0.08 0.04 0.   0.14 0.06]\n",
      " [0.08 1.   0.08 0.06 0.14 0.02 0.06 0.08 0.18 0.04 0.02 0.02 0.1 ]\n",
      " [0.06 0.08 1.   0.06 0.18 0.1  0.02 0.26 0.16 0.06 0.02 0.1  0.12]\n",
      " [0.1  0.06 0.06 1.   0.12 0.1  0.1  0.1  0.04 0.04 0.02 0.02 0.06]\n",
      " [0.1  0.14 0.18 0.12 1.   0.04 0.08 0.28 0.2  0.1  0.06 0.12 0.12]\n",
      " [0.08 0.02 0.1  0.1  0.04 1.   0.04 0.06 0.06 0.02 0.12 0.04 0.1 ]\n",
      " [0.   0.06 0.02 0.1  0.08 0.04 1.   0.   0.02 0.   0.04 0.02 0.04]\n",
      " [0.12 0.08 0.26 0.1  0.28 0.06 0.   1.   0.18 0.04 0.04 0.16 0.06]\n",
      " [0.08 0.18 0.16 0.04 0.2  0.06 0.02 0.18 1.   0.06 0.06 0.08 0.1 ]\n",
      " [0.04 0.04 0.06 0.04 0.1  0.02 0.   0.04 0.06 1.   0.06 0.04 0.  ]\n",
      " [0.   0.02 0.02 0.02 0.06 0.12 0.04 0.04 0.06 0.06 1.   0.04 0.1 ]\n",
      " [0.14 0.02 0.1  0.02 0.12 0.04 0.02 0.16 0.08 0.04 0.04 1.   0.08]\n",
      " [0.06 0.1  0.12 0.06 0.12 0.1  0.04 0.06 0.1  0.   0.1  0.08 1.  ]]\n",
      "{0: 1.0, 1: 0.813628, 2: 0.49033, 3: 0.220185, 4: 0.076175, 5: 0.020795, 6: 0.004547, 7: 0.000833, 8: 0.000143, 9: 2e-05, 10: 5e-06, 11: 0.0, 12: 0.0, 13: 0.0, 14: 0.0, 15: 0.0, 16: 0.0, 17: 0.0, 18: 0.0, 19: 0.0, 20: 0.0, 21: 0.0, 22: 0.0, 23: 0.0, 24: 0.0, 25: 0.0, 26: 0.0, 27: 0.0, 28: 0.0, 29: 0.0, 30: 0.0, 31: 0.0, 32: 0.0, 33: 0.0, 34: 0.0, 35: 0.0, 36: 0.0, 37: 0.0, 38: 0.0, 39: 0.0, 40: 0.0, 41: 0.0, 42: 0.0, 43: 0.0, 44: 0.0, 45: 0.0, 46: 0.0, 47: 0.0, 48: 0.0, 49: 0.0, 50: 0.0}\n",
      "8\n",
      "[[1.   0.1  0.18 0.08 0.02 0.14 0.12 0.06]\n",
      " [0.1  1.   0.26 0.18 0.06 0.24 0.22 0.04]\n",
      " [0.18 0.26 1.   0.16 0.04 0.22 0.24 0.04]\n",
      " [0.08 0.18 0.16 1.   0.16 0.24 0.22 0.  ]\n",
      " [0.02 0.06 0.04 0.16 1.   0.08 0.14 0.04]\n",
      " [0.14 0.24 0.22 0.24 0.08 1.   0.42 0.04]\n",
      " [0.12 0.22 0.24 0.22 0.14 0.42 1.   0.04]\n",
      " [0.06 0.04 0.04 0.   0.04 0.04 0.04 1.  ]]\n",
      "11\n",
      "[[1.   0.12 0.14 0.06 0.16 0.16 0.04 0.18 0.14 0.1  0.08]\n",
      " [0.12 1.   0.2  0.04 0.2  0.18 0.02 0.3  0.38 0.22 0.12]\n",
      " [0.14 0.2  1.   0.04 0.22 0.22 0.02 0.16 0.18 0.14 0.16]\n",
      " [0.06 0.04 0.04 1.   0.08 0.06 0.02 0.12 0.1  0.08 0.06]\n",
      " [0.16 0.2  0.22 0.08 1.   0.2  0.   0.2  0.2  0.1  0.1 ]\n",
      " [0.16 0.18 0.22 0.06 0.2  1.   0.02 0.24 0.2  0.08 0.16]\n",
      " [0.04 0.02 0.02 0.02 0.   0.02 1.   0.06 0.02 0.02 0.02]\n",
      " [0.18 0.3  0.16 0.12 0.2  0.24 0.06 1.   0.42 0.2  0.12]\n",
      " [0.14 0.38 0.18 0.1  0.2  0.2  0.02 0.42 1.   0.18 0.1 ]\n",
      " [0.1  0.22 0.14 0.08 0.1  0.08 0.02 0.2  0.18 1.   0.14]\n",
      " [0.08 0.12 0.16 0.06 0.1  0.16 0.02 0.12 0.1  0.14 1.  ]]\n",
      "13\n",
      "[[1.   0.06 0.08 0.02 0.16 0.04 0.1  0.12 0.04 0.08 0.02 0.1  0.06]\n",
      " [0.06 1.   0.12 0.04 0.1  0.04 0.02 0.14 0.14 0.02 0.04 0.06 0.08]\n",
      " [0.08 0.12 1.   0.06 0.22 0.06 0.06 0.2  0.1  0.1  0.06 0.12 0.1 ]\n",
      " [0.02 0.04 0.06 1.   0.08 0.04 0.04 0.02 0.04 0.02 0.04 0.02 0.1 ]\n",
      " [0.16 0.1  0.22 0.08 1.   0.08 0.06 0.32 0.18 0.08 0.06 0.14 0.18]\n",
      " [0.04 0.04 0.06 0.04 0.08 1.   0.04 0.04 0.06 0.08 0.08 0.02 0.06]\n",
      " [0.1  0.02 0.06 0.04 0.06 0.04 1.   0.   0.04 0.08 0.06 0.02 0.04]\n",
      " [0.12 0.14 0.2  0.02 0.32 0.04 0.   1.   0.2  0.12 0.06 0.12 0.12]\n",
      " [0.04 0.14 0.1  0.04 0.18 0.06 0.04 0.2  1.   0.02 0.02 0.1  0.12]\n",
      " [0.08 0.02 0.1  0.02 0.08 0.08 0.08 0.12 0.02 1.   0.04 0.04 0.02]\n",
      " [0.02 0.04 0.06 0.04 0.06 0.08 0.06 0.06 0.02 0.04 1.   0.   0.08]\n",
      " [0.1  0.06 0.12 0.02 0.14 0.02 0.02 0.12 0.1  0.04 0.   1.   0.06]\n",
      " [0.06 0.08 0.1  0.1  0.18 0.06 0.04 0.12 0.12 0.02 0.08 0.06 1.  ]]\n",
      "{0: 1.0, 1: 0.814165, 2: 0.490942, 3: 0.220693, 4: 0.076166, 5: 0.020923, 6: 0.004669, 7: 0.000859, 8: 0.000153, 9: 2.9e-05, 10: 4e-06, 11: 0.0, 12: 0.0, 13: 0.0, 14: 0.0, 15: 0.0, 16: 0.0, 17: 0.0, 18: 0.0, 19: 0.0, 20: 0.0, 21: 0.0, 22: 0.0, 23: 0.0, 24: 0.0, 25: 0.0, 26: 0.0, 27: 0.0, 28: 0.0, 29: 0.0, 30: 0.0, 31: 0.0, 32: 0.0, 33: 0.0, 34: 0.0, 35: 0.0, 36: 0.0, 37: 0.0, 38: 0.0, 39: 0.0, 40: 0.0, 41: 0.0, 42: 0.0, 43: 0.0, 44: 0.0, 45: 0.0, 46: 0.0, 47: 0.0, 48: 0.0, 49: 0.0, 50: 0.0}\n",
      "8\n",
      "[[1.   0.08 0.1  0.02 0.06 0.   0.06 0.04]\n",
      " [0.08 1.   0.02 0.02 0.04 0.   0.14 0.06]\n",
      " [0.1  0.02 1.   0.02 0.02 0.04 0.04 0.  ]\n",
      " [0.02 0.02 0.02 1.   0.02 0.04 0.06 0.02]\n",
      " [0.06 0.04 0.02 0.02 1.   0.02 0.06 0.02]\n",
      " [0.   0.   0.04 0.04 0.02 1.   0.02 0.04]\n",
      " [0.06 0.14 0.04 0.06 0.06 0.02 1.   0.06]\n",
      " [0.04 0.06 0.   0.02 0.02 0.04 0.06 1.  ]]\n",
      "11\n",
      "[[1.   0.   0.04 0.08 0.04 0.06 0.06 0.06 0.08 0.   0.06]\n",
      " [0.   1.   0.1  0.06 0.02 0.02 0.04 0.04 0.04 0.04 0.06]\n",
      " [0.04 0.1  1.   0.1  0.02 0.06 0.04 0.04 0.08 0.06 0.02]\n",
      " [0.08 0.06 0.1  1.   0.04 0.04 0.08 0.04 0.08 0.06 0.  ]\n",
      " [0.04 0.02 0.02 0.04 1.   0.02 0.04 0.04 0.02 0.02 0.06]\n",
      " [0.06 0.02 0.06 0.04 0.02 1.   0.02 0.02 0.04 0.02 0.06]\n",
      " [0.06 0.04 0.04 0.08 0.04 0.02 1.   0.06 0.08 0.06 0.  ]\n",
      " [0.06 0.04 0.04 0.04 0.04 0.02 0.06 1.   0.08 0.06 0.02]\n",
      " [0.08 0.04 0.08 0.08 0.02 0.04 0.08 0.08 1.   0.04 0.02]\n",
      " [0.   0.04 0.06 0.06 0.02 0.02 0.06 0.06 0.04 1.   0.02]\n",
      " [0.06 0.06 0.02 0.   0.06 0.06 0.   0.02 0.02 0.02 1.  ]]\n",
      "13\n",
      "[[1.   0.02 0.   0.02 0.04 0.04 0.   0.04 0.04 0.   0.08 0.   0.04]\n",
      " [0.02 1.   0.08 0.06 0.02 0.1  0.04 0.02 0.02 0.04 0.   0.02 0.  ]\n",
      " [0.   0.08 1.   0.   0.   0.08 0.02 0.06 0.   0.02 0.04 0.02 0.02]\n",
      " [0.02 0.06 0.   1.   0.02 0.06 0.06 0.06 0.08 0.06 0.   0.02 0.02]\n",
      " [0.04 0.02 0.   0.02 1.   0.   0.   0.04 0.06 0.08 0.06 0.04 0.04]\n",
      " [0.04 0.1  0.08 0.06 0.   1.   0.1  0.02 0.08 0.04 0.02 0.06 0.  ]\n",
      " [0.   0.04 0.02 0.06 0.   0.1  1.   0.04 0.04 0.02 0.02 0.02 0.02]\n",
      " [0.04 0.02 0.06 0.06 0.04 0.02 0.04 1.   0.04 0.04 0.   0.04 0.02]\n",
      " [0.04 0.02 0.   0.08 0.06 0.08 0.04 0.04 1.   0.02 0.02 0.   0.04]\n",
      " [0.   0.04 0.02 0.06 0.08 0.04 0.02 0.04 0.02 1.   0.   0.   0.04]\n",
      " [0.08 0.   0.04 0.   0.06 0.02 0.02 0.   0.02 0.   1.   0.02 0.04]\n",
      " [0.   0.02 0.02 0.02 0.04 0.06 0.02 0.04 0.   0.   0.02 1.   0.06]\n",
      " [0.04 0.   0.02 0.02 0.04 0.   0.02 0.02 0.04 0.04 0.04 0.06 1.  ]]\n",
      "{0: 1.0, 1: 0.814204, 2: 0.490859, 3: 0.220643, 4: 0.07626, 5: 0.020968, 6: 0.004682, 7: 0.000867, 8: 0.000141, 9: 2e-05, 10: 1e-06, 11: 0.0, 12: 0.0, 13: 0.0, 14: 0.0, 15: 0.0, 16: 0.0, 17: 0.0, 18: 0.0, 19: 0.0, 20: 0.0, 21: 0.0, 22: 0.0, 23: 0.0, 24: 0.0, 25: 0.0, 26: 0.0, 27: 0.0, 28: 0.0, 29: 0.0, 30: 0.0, 31: 0.0, 32: 0.0, 33: 0.0, 34: 0.0, 35: 0.0, 36: 0.0, 37: 0.0, 38: 0.0, 39: 0.0, 40: 0.0, 41: 0.0, 42: 0.0, 43: 0.0, 44: 0.0, 45: 0.0, 46: 0.0, 47: 0.0, 48: 0.0, 49: 0.0, 50: 0.0}\n",
      "8\n",
      "[[1.   0.18 0.24 0.18 0.14 0.22 0.2  0.04]\n",
      " [0.18 1.   0.3  0.22 0.08 0.24 0.3  0.04]\n",
      " [0.24 0.3  1.   0.2  0.1  0.24 0.34 0.08]\n",
      " [0.18 0.22 0.2  1.   0.14 0.24 0.24 0.08]\n",
      " [0.14 0.08 0.1  0.14 1.   0.12 0.16 0.06]\n",
      " [0.22 0.24 0.24 0.24 0.12 1.   0.44 0.02]\n",
      " [0.2  0.3  0.34 0.24 0.16 0.44 1.   0.04]\n",
      " [0.04 0.04 0.08 0.08 0.06 0.02 0.04 1.  ]]\n",
      "11\n",
      "[[1.   0.22 0.26 0.12 0.28 0.14 0.04 0.14 0.22 0.14 0.04]\n",
      " [0.22 1.   0.38 0.1  0.44 0.14 0.02 0.34 0.42 0.2  0.2 ]\n",
      " [0.26 0.38 1.   0.14 0.34 0.16 0.02 0.3  0.3  0.1  0.14]\n",
      " [0.12 0.1  0.14 1.   0.06 0.06 0.02 0.08 0.04 0.08 0.04]\n",
      " [0.28 0.44 0.34 0.06 1.   0.24 0.04 0.34 0.38 0.16 0.1 ]\n",
      " [0.14 0.14 0.16 0.06 0.24 1.   0.02 0.16 0.2  0.04 0.18]\n",
      " [0.04 0.02 0.02 0.02 0.04 0.02 1.   0.02 0.02 0.04 0.  ]\n",
      " [0.14 0.34 0.3  0.08 0.34 0.16 0.02 1.   0.48 0.12 0.12]\n",
      " [0.22 0.42 0.3  0.04 0.38 0.2  0.02 0.48 1.   0.14 0.14]\n",
      " [0.14 0.2  0.1  0.08 0.16 0.04 0.04 0.12 0.14 1.   0.06]\n",
      " [0.04 0.2  0.14 0.04 0.1  0.18 0.   0.12 0.14 0.06 1.  ]]\n",
      "13\n",
      "[[1.   0.04 0.06 0.02 0.08 0.04 0.02 0.22 0.08 0.02 0.06 0.08 0.06]\n",
      " [0.04 1.   0.12 0.04 0.16 0.08 0.   0.16 0.1  0.04 0.02 0.1  0.12]\n",
      " [0.06 0.12 1.   0.08 0.24 0.06 0.   0.14 0.2  0.06 0.06 0.1  0.16]\n",
      " [0.02 0.04 0.08 1.   0.1  0.08 0.02 0.06 0.04 0.04 0.04 0.   0.04]\n",
      " [0.08 0.16 0.24 0.1  1.   0.08 0.   0.26 0.24 0.06 0.14 0.1  0.2 ]\n",
      " [0.04 0.08 0.06 0.08 0.08 1.   0.08 0.08 0.08 0.1  0.1  0.02 0.02]\n",
      " [0.02 0.   0.   0.02 0.   0.08 1.   0.02 0.04 0.06 0.04 0.02 0.  ]\n",
      " [0.22 0.16 0.14 0.06 0.26 0.08 0.02 1.   0.24 0.12 0.12 0.16 0.1 ]\n",
      " [0.08 0.1  0.2  0.04 0.24 0.08 0.04 0.24 1.   0.06 0.06 0.14 0.2 ]\n",
      " [0.02 0.04 0.06 0.04 0.06 0.1  0.06 0.12 0.06 1.   0.08 0.1  0.04]\n",
      " [0.06 0.02 0.06 0.04 0.14 0.1  0.04 0.12 0.06 0.08 1.   0.1  0.04]\n",
      " [0.08 0.1  0.1  0.   0.1  0.02 0.02 0.16 0.14 0.1  0.1  1.   0.06]\n",
      " [0.06 0.12 0.16 0.04 0.2  0.02 0.   0.1  0.2  0.04 0.04 0.06 1.  ]]\n",
      "{0: 1.0, 1: 0.813681, 2: 0.490214, 3: 0.219845, 4: 0.076143, 5: 0.021063, 6: 0.004671, 7: 0.000851, 8: 0.000135, 9: 1.9e-05, 10: 2e-06, 11: 0.0, 12: 0.0, 13: 0.0, 14: 0.0, 15: 0.0, 16: 0.0, 17: 0.0, 18: 0.0, 19: 0.0, 20: 0.0, 21: 0.0, 22: 0.0, 23: 0.0, 24: 0.0, 25: 0.0, 26: 0.0, 27: 0.0, 28: 0.0, 29: 0.0, 30: 0.0, 31: 0.0, 32: 0.0, 33: 0.0, 34: 0.0, 35: 0.0, 36: 0.0, 37: 0.0, 38: 0.0, 39: 0.0, 40: 0.0, 41: 0.0, 42: 0.0, 43: 0.0, 44: 0.0, 45: 0.0, 46: 0.0, 47: 0.0, 48: 0.0, 49: 0.0, 50: 0.0}\n",
      "8\n",
      "[[1.   0.28 0.24 0.16 0.06 0.26 0.2  0.02]\n",
      " [0.28 1.   0.3  0.22 0.06 0.32 0.34 0.04]\n",
      " [0.24 0.3  1.   0.18 0.1  0.3  0.34 0.06]\n",
      " [0.16 0.22 0.18 1.   0.08 0.2  0.22 0.04]\n",
      " [0.06 0.06 0.1  0.08 1.   0.08 0.1  0.02]\n",
      " [0.26 0.32 0.3  0.2  0.08 1.   0.5  0.08]\n",
      " [0.2  0.34 0.34 0.22 0.1  0.5  1.   0.06]\n",
      " [0.02 0.04 0.06 0.04 0.02 0.08 0.06 1.  ]]\n",
      "11\n",
      "[[1.   0.26 0.22 0.06 0.26 0.2  0.06 0.2  0.24 0.04 0.06]\n",
      " [0.26 1.   0.28 0.06 0.44 0.16 0.   0.4  0.44 0.16 0.22]\n",
      " [0.22 0.28 1.   0.12 0.34 0.22 0.02 0.34 0.26 0.08 0.2 ]\n",
      " [0.06 0.06 0.12 1.   0.16 0.08 0.04 0.16 0.06 0.1  0.08]\n",
      " [0.26 0.44 0.34 0.16 1.   0.2  0.02 0.5  0.38 0.14 0.18]\n",
      " [0.2  0.16 0.22 0.08 0.2  1.   0.   0.26 0.24 0.1  0.14]\n",
      " [0.06 0.   0.02 0.04 0.02 0.   1.   0.04 0.02 0.08 0.02]\n",
      " [0.2  0.4  0.34 0.16 0.5  0.26 0.04 1.   0.44 0.12 0.2 ]\n",
      " [0.24 0.44 0.26 0.06 0.38 0.24 0.02 0.44 1.   0.14 0.18]\n",
      " [0.04 0.16 0.08 0.1  0.14 0.1  0.08 0.12 0.14 1.   0.06]\n",
      " [0.06 0.22 0.2  0.08 0.18 0.14 0.02 0.2  0.18 0.06 1.  ]]\n",
      "13\n",
      "[[1.   0.08 0.12 0.04 0.1  0.08 0.02 0.1  0.08 0.04 0.06 0.02 0.12]\n",
      " [0.08 1.   0.14 0.1  0.18 0.1  0.04 0.24 0.12 0.14 0.06 0.1  0.1 ]\n",
      " [0.12 0.14 1.   0.1  0.26 0.1  0.04 0.24 0.28 0.14 0.14 0.12 0.18]\n",
      " [0.04 0.1  0.1  1.   0.06 0.06 0.06 0.12 0.08 0.1  0.14 0.08 0.06]\n",
      " [0.1  0.18 0.26 0.06 1.   0.08 0.04 0.3  0.22 0.08 0.08 0.12 0.22]\n",
      " [0.08 0.1  0.1  0.06 0.08 1.   0.1  0.14 0.1  0.08 0.08 0.04 0.12]\n",
      " [0.02 0.04 0.04 0.06 0.04 0.1  1.   0.02 0.06 0.02 0.08 0.04 0.  ]\n",
      " [0.1  0.24 0.24 0.12 0.3  0.14 0.02 1.   0.22 0.14 0.14 0.06 0.16]\n",
      " [0.08 0.12 0.28 0.08 0.22 0.1  0.06 0.22 1.   0.06 0.08 0.12 0.18]\n",
      " [0.04 0.14 0.14 0.1  0.08 0.08 0.02 0.14 0.06 1.   0.18 0.06 0.04]\n",
      " [0.06 0.06 0.14 0.14 0.08 0.08 0.08 0.14 0.08 0.18 1.   0.06 0.06]\n",
      " [0.02 0.1  0.12 0.08 0.12 0.04 0.04 0.06 0.12 0.06 0.06 1.   0.12]\n",
      " [0.12 0.1  0.18 0.06 0.22 0.12 0.   0.16 0.18 0.04 0.06 0.12 1.  ]]\n",
      "{1000: 0.06714285714285714, 10000: 0.09714285714285713, 100000: 0.13214285714285715, 200000: 0.14214285714285715, 300000: 0.135, 400000: 0.04, 500000: 0.1742857142857143, 600000: 0.17357142857142854}\n",
      "[(1000, 0.06714285714285714), (10000, 0.09714285714285713), (100000, 0.13214285714285715), (200000, 0.14214285714285715), (300000, 0.135), (400000, 0.04), (500000, 0.1742857142857143), (600000, 0.17357142857142854)]\n",
      "(1000, 10000, 100000, 200000, 300000, 400000, 500000, 600000)\n",
      "(0.06714285714285714, 0.09714285714285713, 0.13214285714285715, 0.14214285714285715, 0.135, 0.04, 0.1742857142857143, 0.17357142857142854)\n",
      "{1000: 0.07090909090909092, 10000: 0.07563636363636363, 100000: 0.0905454545454545, 200000: 0.11818181818181818, 300000: 0.13236363636363632, 400000: 0.044727272727272734, 500000: 0.15854545454545454, 600000: 0.17236363636363633}\n",
      "[(1000, 0.07090909090909092), (10000, 0.07563636363636363), (100000, 0.0905454545454545), (200000, 0.11818181818181818), (300000, 0.13236363636363632), (400000, 0.044727272727272734), (500000, 0.15854545454545454), (600000, 0.17236363636363633)]\n",
      "(1000, 10000, 100000, 200000, 300000, 400000, 500000, 600000)\n",
      "(0.07090909090909092, 0.07563636363636363, 0.0905454545454545, 0.11818181818181818, 0.13236363636363632, 0.044727272727272734, 0.15854545454545454, 0.17236363636363633)\n",
      "{1000: 0.04, 10000: 0.048205128205128206, 100000: 0.06461538461538462, 200000: 0.07692307692307693, 300000: 0.07692307692307693, 400000: 0.03256410256410257, 500000: 0.0846153846153846, 600000: 0.10564102564102565}\n",
      "[(1000, 0.04), (10000, 0.048205128205128206), (100000, 0.06461538461538462), (200000, 0.07692307692307693), (300000, 0.07692307692307693), (400000, 0.03256410256410257), (500000, 0.0846153846153846), (600000, 0.10564102564102565)]\n",
      "(1000, 10000, 100000, 200000, 300000, 400000, 500000, 600000)\n",
      "(0.04, 0.048205128205128206, 0.06461538461538462, 0.07692307692307693, 0.07692307692307693, 0.03256410256410257, 0.0846153846153846, 0.10564102564102565)\n"
     ]
    },
    {
     "data": {
