{
 "cells": [
  {
   "cell_type": "code",
   "execution_count": 5,
   "metadata": {},
   "outputs": [],
   "source": [
    "# ==============imports===================\n",
    "from os import listdir\n",
    "from os.path import isfile, join\n",
    "import json\n",
    "from typing import Dict, List, Tuple, Set, Optional, Any\n",
    "\n",
    "import plotly.graph_objects as go\n",
    "from collections import Counter\n",
    "\n",
    "import pycountry\n",
    "\n",
    "import numpy as np\n",
    "from tqdm import tqdm\n",
    "import pickle\n",
    "import os\n",
    "import random\n",
    "from pathlib import Path\n",
    "\n",
    "\n",
    "import matplotlib.pyplot as plt\n",
    "from collections import defaultdict"
   ]
  },
  {
   "cell_type": "code",
   "execution_count": 6,
   "metadata": {},
   "outputs": [],
   "source": [
    "# ==================args=====================\n",
    "# checkpoints = None\n",
    "checkpoints = ['best', '1000', '10000', '100000', '200000', '300000', '400000', '500000', '600000']\n",
    "random_baseline = False\n",
    "embedding_size = 1536\n",
    "top_k = 50\n",
    "attributes = ['Gender', 'Number']\n",
    "colors = {'Gender':'b', 'Number':'g'}\n",
    "# attributes = ['Aspect', 'Case', 'Definiteness', 'Finiteness', 'Gender', 'Mood', 'Number',\\\n",
    "#              'Person', 'POS', 'Tense', 'Voice']\n",
    "language = None\n",
    "show_plot = False\n",
    "experiment_name = 'inter-layer-17'\n",
    "# layers = [1, 5, 9, 13, 17, 21, 25]\n",
    "layers = None\n",
    "model = 'bloom-560m'"
   ]
  },
  {
   "cell_type": "code",
   "execution_count": 7,
   "metadata": {},
   "outputs": [],
   "source": [
    "# =================functions====================\n",
    "def convert_language_code(treebank_name):\n",
    "    \"\"\" Converts treebank names to language codes. \"\"\"\n",
    "    lang_name = treebank_name[3:].split(\"-\")[0].replace(\"_\", \" \")\n",
    "    lang = pycountry.languages.get(name=lang_name)\n",
    "\n",
    "    if lang is not None:\n",
    "        return lang.alpha_3.lower()\n",
    "\n",
    "    return \"unk\"\n",
    "\n",
    "def compute_overlap(data_raw, top_k):\n",
    "    mark_count: Dict[str, int] = {}  # num of languages logging that attribute\n",
    "    results: Dict[str, Counter] = {}\n",
    "    for run_config, dims in data_raw:\n",
    "        if run_config[\"embedding\"] != embedding:\n",
    "            continue\n",
    "\n",
    "        # Increment mark counting\n",
    "        if run_config[\"attribute\"] not in mark_count:\n",
    "            mark_count[run_config[\"attribute\"]] = 0\n",
    "\n",
    "        mark_count[run_config[\"attribute\"]] += 1\n",
    "\n",
    "        # Increment actual counters\n",
    "        if run_config[\"attribute\"] not in results:\n",
    "            results[run_config[\"attribute\"]] = Counter()\n",
    "\n",
    "        results[run_config[\"attribute\"]].update(dims[:top_k])\n",
    "\n",
    "    return results, mark_count\n",
    "\n",
    "\n",
    "def compute_similarity_for_attribute(attribute, data_raw, top_k, language_order: Optional[List[str]] = None):\n",
    "    data_list: List[Tuple[str, Set[int]]] = []\n",
    "    for run_config, dims in data_raw:\n",
    "        if run_config[\"embedding\"] != embedding:\n",
    "            continue\n",
    "\n",
    "        if run_config[\"attribute\"] != attribute:\n",
    "            continue\n",
    "\n",
    "        data_list.append((run_config[\"language\"], set(dims[:top_k])))\n",
    "\n",
    "    if not language_order:\n",
    "        data_list = sorted(data_list, key=lambda x: x[0])\n",
    "        return [x[0] for x in data_list], compute_similarity(data_list)\n",
    "    else:\n",
    "        data_list_dict = {k: v for k, v in data_list}\n",
    "        data_list_sorted = []\n",
    "        for x in language_order:\n",
    "            if x in data_list_dict:\n",
    "                data_list_sorted.append((x, data_list_dict[x]))\n",
    "\n",
    "        data_list = data_list_sorted\n",
    "        return [x[0] for x in data_list], compute_similarity(data_list)\n",
    "\n",
    "\n",
    "def compute_similarity_for_language(language, data_raw, top_k):\n",
    "    data_list: List[Tuple[str, Set[int]]] = []\n",
    "    for run_config, dims in data_raw:\n",
    "        if run_config[\"embedding\"] != embedding:\n",
    "            continue\n",
    "\n",
    "        if run_config[\"language\"] != language:\n",
    "            continue\n",
    "\n",
    "        data_list.append((run_config[\"attribute\"], set(dims[:top_k])))\n",
    "\n",
    "    data_list = sorted(data_list, key=lambda x: x[0])\n",
    "\n",
    "    return [x[0] for x in data_list], compute_similarity(data_list)\n",
    "\n",
    "\n",
    "def compute_jaccard_index(set_a: Set[int], set_b: Set[int]) -> float:\n",
    "    return len(set_a & set_b) / len(set_a | set_b)\n",
    "\n",
    "\n",
    "def compute_overlap_coefficient(set_a: Set[int], set_b: Set[int]) -> float:\n",
    "    return len(set_a & set_b) / min(len(set_a), len(set_b))\n",
    "\n",
    "\n",
    "def compute_similarity(data_list: List[Tuple[str, Set[int]]]):\n",
    "    num_items = len(data_list)\n",
    "    similarity_array = np.zeros((num_items, num_items))\n",
    "    extra_data = {\n",
    "        \"overlap\": np.empty((num_items, num_items), dtype=list),\n",
    "        \"overlap_num\": np.zeros((num_items, num_items)),\n",
    "    }\n",
    "    for idx_a, (group_a, dim_set_a) in enumerate(data_list):\n",
    "        for idx_b, (group_b, dim_set_b) in enumerate(data_list):\n",
    "            similarity_array[idx_a, idx_b] = compute_overlap_coefficient(dim_set_a, dim_set_b)\n",
    "            extra_data[\"overlap\"][idx_a, idx_b] = sorted(list(set(dim_set_a & dim_set_b)))\n",
    "            extra_data[\"overlap_num\"][idx_a, idx_b] = len(dim_set_a & dim_set_b)\n",
    "\n",
    "    return similarity_array, extra_data\n",
    "\n",
    "\n",
    "def compute_pvalues(overlap_num_matrix: np.array, p_val_dict: Dict[int, float]) -> np.array:\n",
    "    return np.vectorize(lambda x: p_val_dict[int(x)])(overlap_num_matrix)\n",
    "\n",
    "\n",
    "def build_statistical_significance_matrix(p_values_matrix, alpha=0.05, method=\"bonferroni\", symmetry=False):\n",
    "    num_rows = p_values_matrix.shape[0]\n",
    "    num_hypotheses = int(num_rows * (num_rows + 1) / 2) - num_rows\n",
    "    num_hypotheses = num_hypotheses if num_hypotheses > 0 else 999\n",
    "    alpha_bonferroni = alpha / num_hypotheses\n",
    "\n",
    "    if method == \"bonferroni\":\n",
    "        mask = np.tril(np.ones_like(p_values_matrix, dtype=bool), k=-1)\n",
    "        significance_matrix = (p_values_matrix < alpha_bonferroni) * mask\n",
    "    elif method == \"holm-bonferroni\":\n",
    "        mask = np.triu(np.ones_like(p_values_matrix)) * 9999.0\n",
    "        p_values_matrix += mask\n",
    "        p_values_matrix_flat = p_values_matrix.reshape(-1)\n",
    "        sorting_indices = p_values_matrix_flat.argsort()\n",
    "        unsorting_indices = sorting_indices.argsort()\n",
    "\n",
    "        sorted_p_values = p_values_matrix_flat[sorting_indices][:num_hypotheses]\n",
    "        alpha_holm = np.arange(1.0, num_hypotheses + 1.0)[::-1] ** -1 * alpha\n",
    "\n",
    "        broke = False\n",
    "        for k, (pval, alph) in enumerate(zip(sorted_p_values.tolist(), alpha_holm.tolist())):\n",
    "            if pval > alph:\n",
    "                broke = True\n",
    "                break\n",
    "\n",
    "        if not broke:\n",
    "            # Needed in case we never accepted the null hypothesis\n",
    "            k += 1\n",
    "\n",
    "        # k will be equal to the first index where we do NOT reject the null hypothesis.\n",
    "        # So we can accept the alternative hypothesis on all indices less than k\n",
    "        # e.g., if k == 0, we always accept the null hypothesis. If k == num_hypothesis\n",
    "        # we always reject the null hypothesis.\n",
    "        rejected_null_sorted = [True if idx < k else False for idx in range(num_hypotheses)]\n",
    "\n",
    "        # Pad remaining list with rejections\n",
    "        rejected_null_sorted.extend([False] * (num_rows ** 2 - num_hypotheses))\n",
    "\n",
    "        # Reverse sort\n",
    "        significance_matrix = np.array(rejected_null_sorted)[unsorting_indices].reshape(num_rows, num_rows)\n",
    "\n",
    "    if symmetry:\n",
    "        # Mirror along diagonal\n",
    "        significance_matrix = significance_matrix | significance_matrix.T\n",
    "\n",
    "    return significance_matrix\n",
    "\n",
    "\n",
    "def build_annotations_list(annotation_matrix):\n",
    "    n = annotation_matrix.shape[0]\n",
    "    annotation_list = []\n",
    "    for x in range(n):\n",
    "        for y in range(n):\n",
    "            if not annotation_matrix[x][y]:\n",
    "                continue\n",
    "\n",
    "            if x == y:\n",
    "                continue\n",
    "\n",
    "            annotation_list.append(\n",
    "                dict(\n",
    "                    x=x / n, y=y / n,\n",
    "                    xref='paper',\n",
    "                    yref='paper',\n",
    "                    text=\"■\",\n",
    "                    showarrow=False,\n",
    "                    xanchor=\"left\",\n",
    "                    yanchor=\"bottom\",\n",
    "                    font=dict(color=\"rgb(236,136,106)\")\n",
    "                )\n",
    "            )\n",
    "\n",
    "    return annotation_list\n"
   ]
  },
  {
   "cell_type": "code",
   "execution_count": 8,
   "metadata": {},
   "outputs": [
    {
     "name": "stdout",
     "output_type": "stream",
     "text": [
      "Loop over checkpoints\n",
      "{0: 1.0, 1: 0.922581, 2: 0.715606, 3: 0.44577, 4: 0.222973, 5: 0.090917, 6: 0.030315, 7: 0.008616, 8: 0.001996, 9: 0.000379, 10: 7e-05, 11: 1.4e-05, 12: 0.0, 13: 0.0, 14: 0.0, 15: 0.0, 16: 0.0, 17: 0.0, 18: 0.0, 19: 0.0, 20: 0.0, 21: 0.0, 22: 0.0, 23: 0.0, 24: 0.0, 25: 0.0, 26: 0.0, 27: 0.0, 28: 0.0, 29: 0.0, 30: 0.0, 31: 0.0, 32: 0.0, 33: 0.0, 34: 0.0, 35: 0.0, 36: 0.0, 37: 0.0, 38: 0.0, 39: 0.0, 40: 0.0, 41: 0.0, 42: 0.0, 43: 0.0, 44: 0.0, 45: 0.0, 46: 0.0, 47: 0.0, 48: 0.0, 49: 0.0, 50: 0.0}\n",
      "8\n",
      "[[1.   0.2  0.3  0.26 0.16 0.36 0.24 0.12]\n",
      " [0.2  1.   0.32 0.24 0.08 0.26 0.44 0.08]\n",
      " [0.3  0.32 1.   0.38 0.18 0.4  0.44 0.1 ]\n",
      " [0.26 0.24 0.38 1.   0.14 0.36 0.36 0.1 ]\n",
      " [0.16 0.08 0.18 0.14 1.   0.1  0.12 0.06]\n",
      " [0.36 0.26 0.4  0.36 0.1  1.   0.46 0.12]\n",
      " [0.24 0.44 0.44 0.36 0.12 0.46 1.   0.08]\n",
      " [0.12 0.08 0.1  0.1  0.06 0.12 0.08 1.  ]]\n",
      "11\n",
      "[[1.   0.16 0.24 0.14 0.12 0.22 0.08 0.18 0.2  0.06 0.2 ]\n",
      " [0.16 1.   0.22 0.18 0.38 0.2  0.08 0.38 0.4  0.14 0.18]\n",
      " [0.24 0.22 1.   0.16 0.22 0.2  0.04 0.22 0.2  0.18 0.2 ]\n",
      " [0.14 0.18 0.16 1.   0.2  0.1  0.14 0.2  0.12 0.18 0.14]\n",
      " [0.12 0.38 0.22 0.2  1.   0.22 0.04 0.3  0.24 0.2  0.18]\n",
      " [0.22 0.2  0.2  0.1  0.22 1.   0.06 0.3  0.22 0.16 0.28]\n",
      " [0.08 0.08 0.04 0.14 0.04 0.06 1.   0.06 0.12 0.12 0.  ]\n",
      " [0.18 0.38 0.22 0.2  0.3  0.3  0.06 1.   0.42 0.16 0.22]\n",
      " [0.2  0.4  0.2  0.12 0.24 0.22 0.12 0.42 1.   0.1  0.22]\n",
      " [0.06 0.14 0.18 0.18 0.2  0.16 0.12 0.16 0.1  1.   0.1 ]\n",
      " [0.2  0.18 0.2  0.14 0.18 0.28 0.   0.22 0.22 0.1  1.  ]]\n",
      "{0: 1.0, 1: 0.923061, 2: 0.714591, 3: 0.445685, 4: 0.222893, 5: 0.090772, 6: 0.030258, 7: 0.008615, 8: 0.002099, 9: 0.000447, 10: 7.5e-05, 11: 9e-06, 12: 0.0, 13: 0.0, 14: 0.0, 15: 0.0, 16: 0.0, 17: 0.0, 18: 0.0, 19: 0.0, 20: 0.0, 21: 0.0, 22: 0.0, 23: 0.0, 24: 0.0, 25: 0.0, 26: 0.0, 27: 0.0, 28: 0.0, 29: 0.0, 30: 0.0, 31: 0.0, 32: 0.0, 33: 0.0, 34: 0.0, 35: 0.0, 36: 0.0, 37: 0.0, 38: 0.0, 39: 0.0, 40: 0.0, 41: 0.0, 42: 0.0, 43: 0.0, 44: 0.0, 45: 0.0, 46: 0.0, 47: 0.0, 48: 0.0, 49: 0.0, 50: 0.0}\n",
      "8\n",
      "[[1.   0.08 0.02 0.1  0.02 0.04 0.08 0.08]\n",
      " [0.08 1.   0.2  0.06 0.04 0.1  0.14 0.04]\n",
      " [0.02 0.2  1.   0.02 0.04 0.14 0.16 0.06]\n",
      " [0.1  0.06 0.02 1.   0.04 0.04 0.04 0.  ]\n",
      " [0.02 0.04 0.04 0.04 1.   0.12 0.04 0.12]\n",
      " [0.04 0.1  0.14 0.04 0.12 1.   0.34 0.06]\n",
      " [0.08 0.14 0.16 0.04 0.04 0.34 1.   0.06]\n",
      " [0.08 0.04 0.06 0.   0.12 0.06 0.06 1.  ]]\n",
      "11\n",
      "[[1.   0.06 0.   0.04 0.04 0.06 0.04 0.06 0.02 0.1  0.02]\n",
      " [0.06 1.   0.18 0.06 0.32 0.   0.04 0.3  0.3  0.06 0.02]\n",
      " [0.   0.18 1.   0.06 0.16 0.02 0.04 0.04 0.1  0.08 0.04]\n",
      " [0.04 0.06 0.06 1.   0.08 0.   0.02 0.04 0.04 0.   0.1 ]\n",
      " [0.04 0.32 0.16 0.08 1.   0.   0.06 0.12 0.24 0.08 0.02]\n",
      " [0.06 0.   0.02 0.   0.   1.   0.06 0.06 0.06 0.06 0.08]\n",
      " [0.04 0.04 0.04 0.02 0.06 0.06 1.   0.02 0.06 0.06 0.12]\n",
      " [0.06 0.3  0.04 0.04 0.12 0.06 0.02 1.   0.28 0.06 0.06]\n",
      " [0.02 0.3  0.1  0.04 0.24 0.06 0.06 0.28 1.   0.02 0.  ]\n",
      " [0.1  0.06 0.08 0.   0.08 0.06 0.06 0.06 0.02 1.   0.02]\n",
      " [0.02 0.02 0.04 0.1  0.02 0.08 0.12 0.06 0.   0.02 1.  ]]\n",
      "{0: 1.0, 1: 0.922881, 2: 0.715895, 3: 0.446648, 4: 0.223538, 5: 0.090835, 6: 0.030398, 7: 0.008512, 8: 0.002039, 9: 0.000421, 10: 8.3e-05, 11: 9e-06, 12: 1e-06, 13: 0.0, 14: 0.0, 15: 0.0, 16: 0.0, 17: 0.0, 18: 0.0, 19: 0.0, 20: 0.0, 21: 0.0, 22: 0.0, 23: 0.0, 24: 0.0, 25: 0.0, 26: 0.0, 27: 0.0, 28: 0.0, 29: 0.0, 30: 0.0, 31: 0.0, 32: 0.0, 33: 0.0, 34: 0.0, 35: 0.0, 36: 0.0, 37: 0.0, 38: 0.0, 39: 0.0, 40: 0.0, 41: 0.0, 42: 0.0, 43: 0.0, 44: 0.0, 45: 0.0, 46: 0.0, 47: 0.0, 48: 0.0, 49: 0.0, 50: 0.0}\n",
      "8\n",
      "[[1.   0.06 0.12 0.04 0.1  0.12 0.06 0.06]\n",
      " [0.06 1.   0.24 0.04 0.04 0.16 0.22 0.08]\n",
      " [0.12 0.24 1.   0.02 0.04 0.2  0.26 0.06]\n",
      " [0.04 0.04 0.02 1.   0.12 0.02 0.06 0.02]\n",
      " [0.1  0.04 0.04 0.12 1.   0.04 0.06 0.1 ]\n",
      " [0.12 0.16 0.2  0.02 0.04 1.   0.34 0.12]\n",
      " [0.06 0.22 0.26 0.06 0.06 0.34 1.   0.12]\n",
      " [0.06 0.08 0.06 0.02 0.1  0.12 0.12 1.  ]]\n",
      "11\n",
      "[[1.   0.04 0.1  0.06 0.06 0.08 0.02 0.06 0.1  0.04 0.04]\n",
      " [0.04 1.   0.14 0.08 0.3  0.08 0.14 0.3  0.38 0.1  0.16]\n",
      " [0.1  0.14 1.   0.02 0.2  0.06 0.14 0.16 0.08 0.08 0.12]\n",
      " [0.06 0.08 0.02 1.   0.06 0.1  0.04 0.02 0.12 0.12 0.06]\n",
      " [0.06 0.3  0.2  0.06 1.   0.08 0.08 0.24 0.26 0.08 0.1 ]\n",
      " [0.08 0.08 0.06 0.1  0.08 1.   0.04 0.08 0.08 0.06 0.1 ]\n",
      " [0.02 0.14 0.14 0.04 0.08 0.04 1.   0.12 0.1  0.08 0.08]\n",
      " [0.06 0.3  0.16 0.02 0.24 0.08 0.12 1.   0.3  0.02 0.1 ]\n",
      " [0.1  0.38 0.08 0.12 0.26 0.08 0.1  0.3  1.   0.1  0.12]\n",
      " [0.04 0.1  0.08 0.12 0.08 0.06 0.08 0.02 0.1  1.   0.04]\n",
      " [0.04 0.16 0.12 0.06 0.1  0.1  0.08 0.1  0.12 0.04 1.  ]]\n",
      "{0: 1.0, 1: 0.923693, 2: 0.716218, 3: 0.446288, 4: 0.224041, 5: 0.091241, 6: 0.030411, 7: 0.008556, 8: 0.002078, 9: 0.000413, 10: 6.9e-05, 11: 1.4e-05, 12: 1e-06, 13: 0.0, 14: 0.0, 15: 0.0, 16: 0.0, 17: 0.0, 18: 0.0, 19: 0.0, 20: 0.0, 21: 0.0, 22: 0.0, 23: 0.0, 24: 0.0, 25: 0.0, 26: 0.0, 27: 0.0, 28: 0.0, 29: 0.0, 30: 0.0, 31: 0.0, 32: 0.0, 33: 0.0, 34: 0.0, 35: 0.0, 36: 0.0, 37: 0.0, 38: 0.0, 39: 0.0, 40: 0.0, 41: 0.0, 42: 0.0, 43: 0.0, 44: 0.0, 45: 0.0, 46: 0.0, 47: 0.0, 48: 0.0, 49: 0.0, 50: 0.0}\n",
      "8\n",
      "[[1.   0.24 0.32 0.14 0.02 0.26 0.22 0.08]\n",
      " [0.24 1.   0.36 0.06 0.02 0.26 0.3  0.04]\n",
      " [0.32 0.36 1.   0.1  0.08 0.3  0.3  0.04]\n",
      " [0.14 0.06 0.1  1.   0.08 0.14 0.1  0.12]\n",
      " [0.02 0.02 0.08 0.08 1.   0.04 0.08 0.04]\n",
      " [0.26 0.26 0.3  0.14 0.04 1.   0.46 0.08]\n",
      " [0.22 0.3  0.3  0.1  0.08 0.46 1.   0.04]\n",
      " [0.08 0.04 0.04 0.12 0.04 0.08 0.04 1.  ]]\n",
      "11\n",
      "[[1.   0.08 0.1  0.16 0.1  0.08 0.04 0.14 0.06 0.1  0.08]\n",
      " [0.08 1.   0.16 0.1  0.36 0.18 0.08 0.3  0.36 0.1  0.14]\n",
      " [0.1  0.16 1.   0.12 0.26 0.16 0.08 0.14 0.2  0.1  0.16]\n",
      " [0.16 0.1  0.12 1.   0.1  0.12 0.08 0.14 0.06 0.12 0.22]\n",
      " [0.1  0.36 0.26 0.1  1.   0.18 0.02 0.32 0.34 0.08 0.18]\n",
      " [0.08 0.18 0.16 0.12 0.18 1.   0.08 0.26 0.18 0.12 0.18]\n",
      " [0.04 0.08 0.08 0.08 0.02 0.08 1.   0.04 0.06 0.04 0.08]\n",
      " [0.14 0.3  0.14 0.14 0.32 0.26 0.04 1.   0.4  0.1  0.14]\n",
      " [0.06 0.36 0.2  0.06 0.34 0.18 0.06 0.4  1.   0.1  0.06]\n",
      " [0.1  0.1  0.1  0.12 0.08 0.12 0.04 0.1  0.1  1.   0.18]\n",
      " [0.08 0.14 0.16 0.22 0.18 0.18 0.08 0.14 0.06 0.18 1.  ]]\n",
      "{0: 1.0, 1: 0.923012, 2: 0.714978, 3: 0.44627, 4: 0.223284, 5: 0.091132, 6: 0.030611, 7: 0.008527, 8: 0.002087, 9: 0.000416, 10: 6.1e-05, 11: 5e-06, 12: 1e-06, 13: 0.0, 14: 0.0, 15: 0.0, 16: 0.0, 17: 0.0, 18: 0.0, 19: 0.0, 20: 0.0, 21: 0.0, 22: 0.0, 23: 0.0, 24: 0.0, 25: 0.0, 26: 0.0, 27: 0.0, 28: 0.0, 29: 0.0, 30: 0.0, 31: 0.0, 32: 0.0, 33: 0.0, 34: 0.0, 35: 0.0, 36: 0.0, 37: 0.0, 38: 0.0, 39: 0.0, 40: 0.0, 41: 0.0, 42: 0.0, 43: 0.0, 44: 0.0, 45: 0.0, 46: 0.0, 47: 0.0, 48: 0.0, 49: 0.0, 50: 0.0}\n",
      "8\n",
      "[[1.   0.2  0.28 0.14 0.08 0.26 0.24 0.04]\n",
      " [0.2  1.   0.32 0.12 0.06 0.3  0.3  0.1 ]\n",
      " [0.28 0.32 1.   0.22 0.08 0.36 0.42 0.08]\n",
      " [0.14 0.12 0.22 1.   0.08 0.24 0.22 0.12]\n",
      " [0.08 0.06 0.08 0.08 1.   0.04 0.08 0.06]\n",
      " [0.26 0.3  0.36 0.24 0.04 1.   0.44 0.  ]\n",
      " [0.24 0.3  0.42 0.22 0.08 0.44 1.   0.06]\n",
      " [0.04 0.1  0.08 0.12 0.06 0.   0.06 1.  ]]\n",
      "11\n",
      "[[1.   0.12 0.18 0.08 0.12 0.16 0.02 0.1  0.12 0.1  0.14]\n",
      " [0.12 1.   0.16 0.2  0.34 0.18 0.   0.24 0.3  0.14 0.22]\n",
      " [0.18 0.16 1.   0.08 0.18 0.12 0.04 0.12 0.16 0.1  0.12]\n",
      " [0.08 0.2  0.08 1.   0.1  0.16 0.06 0.14 0.14 0.16 0.14]\n",
      " [0.12 0.34 0.18 0.1  1.   0.2  0.02 0.34 0.32 0.2  0.14]\n",
      " [0.16 0.18 0.12 0.16 0.2  1.   0.08 0.28 0.16 0.12 0.24]\n",
      " [0.02 0.   0.04 0.06 0.02 0.08 1.   0.02 0.02 0.1  0.04]\n",
      " [0.1  0.24 0.12 0.14 0.34 0.28 0.02 1.   0.34 0.1  0.16]\n",
      " [0.12 0.3  0.16 0.14 0.32 0.16 0.02 0.34 1.   0.14 0.12]\n",
      " [0.1  0.14 0.1  0.16 0.2  0.12 0.1  0.1  0.14 1.   0.1 ]\n",
      " [0.14 0.22 0.12 0.14 0.14 0.24 0.04 0.16 0.12 0.1  1.  ]]\n",
      "{0: 1.0, 1: 0.923178, 2: 0.716322, 3: 0.44749, 4: 0.224152, 5: 0.091217, 6: 0.030515, 7: 0.008525, 8: 0.002044, 9: 0.000411, 10: 6.5e-05, 11: 9e-06, 12: 2e-06, 13: 0.0, 14: 0.0, 15: 0.0, 16: 0.0, 17: 0.0, 18: 0.0, 19: 0.0, 20: 0.0, 21: 0.0, 22: 0.0, 23: 0.0, 24: 0.0, 25: 0.0, 26: 0.0, 27: 0.0, 28: 0.0, 29: 0.0, 30: 0.0, 31: 0.0, 32: 0.0, 33: 0.0, 34: 0.0, 35: 0.0, 36: 0.0, 37: 0.0, 38: 0.0, 39: 0.0, 40: 0.0, 41: 0.0, 42: 0.0, 43: 0.0, 44: 0.0, 45: 0.0, 46: 0.0, 47: 0.0, 48: 0.0, 49: 0.0, 50: 0.0}\n",
      "8\n",
      "[[1.   0.2  0.24 0.18 0.12 0.22 0.2  0.1 ]\n",
      " [0.2  1.   0.4  0.2  0.12 0.28 0.4  0.06]\n",
      " [0.24 0.4  1.   0.38 0.08 0.38 0.48 0.04]\n",
      " [0.18 0.2  0.38 1.   0.16 0.3  0.28 0.06]\n",
      " [0.12 0.12 0.08 0.16 1.   0.14 0.12 0.1 ]\n",
      " [0.22 0.28 0.38 0.3  0.14 1.   0.46 0.1 ]\n",
      " [0.2  0.4  0.48 0.28 0.12 0.46 1.   0.04]\n",
      " [0.1  0.06 0.04 0.06 0.1  0.1  0.04 1.  ]]\n",
      "11\n",
      "[[1.   0.12 0.2  0.06 0.14 0.12 0.04 0.14 0.12 0.12 0.1 ]\n",
      " [0.12 1.   0.2  0.04 0.34 0.26 0.1  0.34 0.42 0.08 0.18]\n",
      " [0.2  0.2  1.   0.08 0.26 0.16 0.06 0.2  0.16 0.04 0.18]\n",
      " [0.06 0.04 0.08 1.   0.12 0.08 0.08 0.12 0.08 0.18 0.1 ]\n",
      " [0.14 0.34 0.26 0.12 1.   0.28 0.08 0.26 0.36 0.18 0.2 ]\n",
      " [0.12 0.26 0.16 0.08 0.28 1.   0.08 0.28 0.3  0.06 0.18]\n",
      " [0.04 0.1  0.06 0.08 0.08 0.08 1.   0.1  0.06 0.02 0.06]\n",
      " [0.14 0.34 0.2  0.12 0.26 0.28 0.1  1.   0.46 0.08 0.16]\n",
      " [0.12 0.42 0.16 0.08 0.36 0.3  0.06 0.46 1.   0.08 0.14]\n",
      " [0.12 0.08 0.04 0.18 0.18 0.06 0.02 0.08 0.08 1.   0.08]\n",
      " [0.1  0.18 0.18 0.1  0.2  0.18 0.06 0.16 0.14 0.08 1.  ]]\n",
      "{0: 1.0, 1: 0.922867, 2: 0.715374, 3: 0.446356, 4: 0.222963, 5: 0.090461, 6: 0.030298, 7: 0.008625, 8: 0.00207, 9: 0.000442, 10: 7.3e-05, 11: 1.5e-05, 12: 1e-06, 13: 0.0, 14: 0.0, 15: 0.0, 16: 0.0, 17: 0.0, 18: 0.0, 19: 0.0, 20: 0.0, 21: 0.0, 22: 0.0, 23: 0.0, 24: 0.0, 25: 0.0, 26: 0.0, 27: 0.0, 28: 0.0, 29: 0.0, 30: 0.0, 31: 0.0, 32: 0.0, 33: 0.0, 34: 0.0, 35: 0.0, 36: 0.0, 37: 0.0, 38: 0.0, 39: 0.0, 40: 0.0, 41: 0.0, 42: 0.0, 43: 0.0, 44: 0.0, 45: 0.0, 46: 0.0, 47: 0.0, 48: 0.0, 49: 0.0, 50: 0.0}\n",
      "8\n",
      "[[1.   0.26 0.26 0.22 0.14 0.24 0.26 0.02]\n",
      " [0.26 1.   0.36 0.24 0.08 0.32 0.3  0.06]\n",
      " [0.26 0.36 1.   0.26 0.08 0.36 0.42 0.06]\n",
      " [0.22 0.24 0.26 1.   0.1  0.34 0.28 0.12]\n",
      " [0.14 0.08 0.08 0.1  1.   0.12 0.1  0.04]\n",
      " [0.24 0.32 0.36 0.34 0.12 1.   0.44 0.04]\n",
      " [0.26 0.3  0.42 0.28 0.1  0.44 1.   0.08]\n",
      " [0.02 0.06 0.06 0.12 0.04 0.04 0.08 1.  ]]\n",
      "11\n",
      "[[1.   0.18 0.18 0.12 0.18 0.14 0.02 0.14 0.16 0.12 0.14]\n",
      " [0.18 1.   0.3  0.2  0.34 0.22 0.06 0.38 0.4  0.22 0.2 ]\n",
      " [0.18 0.3  1.   0.2  0.24 0.22 0.06 0.28 0.24 0.08 0.08]\n",
      " [0.12 0.2  0.2  1.   0.18 0.12 0.04 0.12 0.12 0.14 0.12]\n",
      " [0.18 0.34 0.24 0.18 1.   0.2  0.04 0.28 0.3  0.18 0.14]\n",
      " [0.14 0.22 0.22 0.12 0.2  1.   0.12 0.12 0.2  0.18 0.24]\n",
      " [0.02 0.06 0.06 0.04 0.04 0.12 1.   0.04 0.06 0.06 0.04]\n",
      " [0.14 0.38 0.28 0.12 0.28 0.12 0.04 1.   0.42 0.08 0.1 ]\n",
      " [0.16 0.4  0.24 0.12 0.3  0.2  0.06 0.42 1.   0.1  0.14]\n",
      " [0.12 0.22 0.08 0.14 0.18 0.18 0.06 0.08 0.1  1.   0.08]\n",
      " [0.14 0.2  0.08 0.12 0.14 0.24 0.04 0.1  0.14 0.08 1.  ]]\n",
      "{0: 1.0, 1: 0.923101, 2: 0.715113, 3: 0.445808, 4: 0.222799, 5: 0.090911, 6: 0.030399, 7: 0.008582, 8: 0.002029, 9: 0.000406, 10: 6.8e-05, 11: 1e-05, 12: 0.0, 13: 0.0, 14: 0.0, 15: 0.0, 16: 0.0, 17: 0.0, 18: 0.0, 19: 0.0, 20: 0.0, 21: 0.0, 22: 0.0, 23: 0.0, 24: 0.0, 25: 0.0, 26: 0.0, 27: 0.0, 28: 0.0, 29: 0.0, 30: 0.0, 31: 0.0, 32: 0.0, 33: 0.0, 34: 0.0, 35: 0.0, 36: 0.0, 37: 0.0, 38: 0.0, 39: 0.0, 40: 0.0, 41: 0.0, 42: 0.0, 43: 0.0, 44: 0.0, 45: 0.0, 46: 0.0, 47: 0.0, 48: 0.0, 49: 0.0, 50: 0.0}\n",
      "8\n",
      "[[1.   0.08 0.06 0.06 0.08 0.08 0.06 0.06]\n",
      " [0.08 1.   0.24 0.02 0.   0.14 0.22 0.08]\n",
      " [0.06 0.24 1.   0.06 0.08 0.14 0.2  0.06]\n",
      " [0.06 0.02 0.06 1.   0.06 0.04 0.04 0.06]\n",
      " [0.08 0.   0.08 0.06 1.   0.04 0.02 0.08]\n",
      " [0.08 0.14 0.14 0.04 0.04 1.   0.36 0.12]\n",
      " [0.06 0.22 0.2  0.04 0.02 0.36 1.   0.1 ]\n",
      " [0.06 0.08 0.06 0.06 0.08 0.12 0.1  1.  ]]\n",
      "11\n",
      "[[1.   0.04 0.12 0.06 0.1  0.06 0.12 0.1  0.12 0.02 0.14]\n",
      " [0.04 1.   0.2  0.02 0.24 0.16 0.08 0.26 0.3  0.06 0.16]\n",
      " [0.12 0.2  1.   0.02 0.2  0.08 0.1  0.18 0.14 0.04 0.16]\n",
      " [0.06 0.02 0.02 1.   0.02 0.02 0.04 0.   0.08 0.1  0.  ]\n",
      " [0.1  0.24 0.2  0.02 1.   0.1  0.08 0.22 0.26 0.06 0.04]\n",
      " [0.06 0.16 0.08 0.02 0.1  1.   0.06 0.08 0.04 0.   0.2 ]\n",
      " [0.12 0.08 0.1  0.04 0.08 0.06 1.   0.08 0.12 0.08 0.08]\n",
      " [0.1  0.26 0.18 0.   0.22 0.08 0.08 1.   0.28 0.04 0.08]\n",
      " [0.12 0.3  0.14 0.08 0.26 0.04 0.12 0.28 1.   0.12 0.06]\n",
      " [0.02 0.06 0.04 0.1  0.06 0.   0.08 0.04 0.12 1.   0.02]\n",
      " [0.14 0.16 0.16 0.   0.04 0.2  0.08 0.08 0.06 0.02 1.  ]]\n",
      "{0: 1.0, 1: 0.923579, 2: 0.715126, 3: 0.446222, 4: 0.223587, 5: 0.091095, 6: 0.030716, 7: 0.008461, 8: 0.002043, 9: 0.000406, 10: 6.7e-05, 11: 1.2e-05, 12: 2e-06, 13: 0.0, 14: 0.0, 15: 0.0, 16: 0.0, 17: 0.0, 18: 0.0, 19: 0.0, 20: 0.0, 21: 0.0, 22: 0.0, 23: 0.0, 24: 0.0, 25: 0.0, 26: 0.0, 27: 0.0, 28: 0.0, 29: 0.0, 30: 0.0, 31: 0.0, 32: 0.0, 33: 0.0, 34: 0.0, 35: 0.0, 36: 0.0, 37: 0.0, 38: 0.0, 39: 0.0, 40: 0.0, 41: 0.0, 42: 0.0, 43: 0.0, 44: 0.0, 45: 0.0, 46: 0.0, 47: 0.0, 48: 0.0, 49: 0.0, 50: 0.0}\n",
      "8\n",
      "[[1.   0.06 0.06 0.   0.04 0.04 0.04 0.04]\n",
      " [0.06 1.   0.06 0.08 0.08 0.06 0.08 0.12]\n",
      " [0.06 0.06 1.   0.06 0.06 0.08 0.04 0.06]\n",
      " [0.   0.08 0.06 1.   0.04 0.04 0.1  0.06]\n",
      " [0.04 0.08 0.06 0.04 1.   0.04 0.04 0.08]\n",
      " [0.04 0.06 0.08 0.04 0.04 1.   0.1  0.06]\n",
      " [0.04 0.08 0.04 0.1  0.04 0.1  1.   0.02]\n",
      " [0.04 0.12 0.06 0.06 0.08 0.06 0.02 1.  ]]\n",
      "11\n",
      "[[1.   0.06 0.12 0.   0.06 0.04 0.08 0.04 0.02 0.   0.08]\n",
      " [0.06 1.   0.04 0.06 0.08 0.08 0.04 0.06 0.06 0.04 0.06]\n",
      " [0.12 0.04 1.   0.02 0.12 0.   0.06 0.1  0.06 0.04 0.08]\n",
      " [0.   0.06 0.02 1.   0.02 0.08 0.06 0.02 0.04 0.08 0.04]\n",
      " [0.06 0.08 0.12 0.02 1.   0.12 0.08 0.1  0.04 0.04 0.08]\n",
      " [0.04 0.08 0.   0.08 0.12 1.   0.08 0.06 0.04 0.06 0.04]\n",
      " [0.08 0.04 0.06 0.06 0.08 0.08 1.   0.   0.02 0.04 0.04]\n",
      " [0.04 0.06 0.1  0.02 0.1  0.06 0.   1.   0.02 0.1  0.04]\n",
      " [0.02 0.06 0.06 0.04 0.04 0.04 0.02 0.02 1.   0.   0.06]\n",
      " [0.   0.04 0.04 0.08 0.04 0.06 0.04 0.1  0.   1.   0.06]\n",
      " [0.08 0.06 0.08 0.04 0.08 0.04 0.04 0.04 0.06 0.06 1.  ]]\n",
      "[('1000', 0.08142857142857143), ('10000', 0.1042857142857143), ('100000', 0.1542857142857143), ('200000', 0.17642857142857143), ('300000', 0.20857142857142855), ('400000', 0.2), ('500000', 0.09428571428571429), ('600000', 0.05857142857142859)]\n",
      "[('1000', 0.07418181818181817), ('10000', 0.10763636363636361), ('100000', 0.144), ('200000', 0.14509090909090908), ('300000', 0.1549090909090909), ('400000', 0.16472727272727275), ('500000', 0.10254545454545454), ('600000', 0.05381818181818182)]\n"
     ]
    },
    {
     "data": {
